1587609949.0249429CNN_model_proj2_1.h5performance:
sensitivity:0.8701298701298701
specifity:0.885558583106267
accuracy:0.8776595744680851
f1_score:0.8792650918635171
mcc:0.7554746119235933


