1587624273.0437043RNN_model_proj2.h5performance:
sensitivity:0.8701298701298701
specifity:0.8910081743869209
accuracy:0.8803191489361702
f1_score:0.881578947368421
mcc:0.7609226611034684


